0.000 0.000 0.000 0.0000 0.0000 0.000 0.000
0.010 0.000 0.020 0.0001 0.0001 0.020 0.000
0.020 0.000 0.040 0.0004 0.0004 0.040 0.000
0.030 0.001 0.060 0.0009 0.0009 0.060 0.000
0.040 0.002 0.080 0.0016 0.0016 0.080 0.000
0.050 0.003 0.100 0.0025 0.0025 0.100 0.000
0.060 0.004 0.120 0.0036 0.0036 0.120 0.000
0.070 0.005 0.140 0.0049 0.0049 0.140 0.000
0.080 0.006 0.160 0.0064 0.0064 0.160 0.000
0.090 0.008 0.180 0.0081 0.0081 0.180 0.000
0.100 0.010 0.200 0.0100 0.0100 0.200 0.000
0.110 0.012 0.220 0.0121 0.0121 0.220 0.000
0.120 0.014 0.240 0.0144 0.0144 0.240 0.001
0.130 0.017 0.260 0.0169 0.0169 0.260 0.001
0.140 0.020 0.280 0.0196 0.0196 0.280 0.001
0.150 0.023 0.300 0.0225 0.0225 0.300 0.001
0.160 0.026 0.320 0.0257 0.0257 0.320 0.001
0.170 0.029 0.340 0.0290 0.0290 0.340 0.002
0.180 0.032 0.360 0.0325 0.0325 0.360 0.002
0.190 0.036 0.380 0.0362 0.0362 0.380 0.002
0.200 0.040 0.400 0.0401 0.0401 0.400 0.003
0.210 0.044 0.420 0.0442 0.0442 0.420 0.003
0.220 0.048 0.440 0.0485 0.0485 0.440 0.004
0.230 0.053 0.460 0.0530 0.0530 0.460 0.004
0.240 0.058 0.480 0.0577 0.0577 0.480 0.005
0.250 0.063 0.501 0.0626 0.0626 0.501 0.005
0.260 0.068 0.521 0.0677 0.0677 0.521 0.006
0.270 0.073 0.541 0.0730 0.0730 0.541 0.007
0.280 0.079 0.561 0.0786 0.0786 0.561 0.007
0.290 0.084 0.581 0.0843 0.0843 0.581 0.008
0.300 0.090 0.601 0.0902 0.0902 0.601 0.009
0.310 0.096 0.621 0.0963 0.0963 0.621 0.010
0.320 0.103 0.641 0.1026 0.1026 0.641 0.011
0.330 0.109 0.661 0.1091 0.1091 0.661 0.012
0.340 0.116 0.681 0.1158 0.1158 0.681 0.013
0.350 0.123 0.701 0.1227 0.1227 0.701 0.014
0.360 0.130 0.721 0.1299 0.1299 0.721 0.016
0.370 0.137 0.741 0.1372 0.1372 0.741 0.017
0.380 0.145 0.761 0.1447 0.1447 0.761 0.018
0.390 0.152 0.781 0.1524 0.1524 0.781 0.020
0.400 0.160 0.801 0.1603 0.1603 0.801 0.021
0.410 0.168 0.821 0.1684 0.1684 0.821 0.023
0.420 0.177 0.841 0.1768 0.1768 0.841 0.025
0.430 0.185 0.861 0.1853 0.1853 0.861 0.027
0.440 0.194 0.881 0.1940 0.1940 0.881 0.028
0.450 0.203 0.901 0.2029 0.2029 0.901 0.030
0.460 0.212 0.921 0.2120 0.2120 0.921 0.033
0.470 0.221 0.941 0.2213 0.2213 0.941 0.035
0.480 0.231 0.961 0.2309 0.2309 0.961 0.037
0.490 0.241 0.981 0.2406 0.2406 0.981 0.039
0.501 0.251 1.001 0.2505 0.2505 1.001 0.042
0.511 0.261 1.021 0.2606 0.2606 1.021 0.044
0.521 0.271 1.041 0.2709 0.2709 1.041 0.047
0.531 0.281 1.061 0.2815 0.2815 1.061 0.050
0.541 0.292 1.081 0.2922 0.2922 1.081 0.053
0.551 0.303 1.101 0.3031 0.3031 1.101 0.056
0.561 0.314 1.121 0.3142 0.3142 1.121 0.059
0.571 0.326 1.141 0.3256 0.3256 1.141 0.062
0.581 0.337 1.161 0.3371 0.3371 1.161 0.065
0.591 0.349 1.181 0.3488 0.3488 1.181 0.069
0.601 0.361 1.201 0.3607 0.3607 1.201 0.072
0.611 0.373 1.221 0.3728 0.3728 1.221 0.076
0.621 0.385 1.241 0.3852 0.3852 1.241 0.080
0.631 0.398 1.261 0.3977 0.3977 1.261 0.084
0.641 0.410 1.281 0.4104 0.4104 1.281 0.088
0.651 0.423 1.301 0.4233 0.4233 1.301 0.092
0.661 0.436 1.321 0.4365 0.4365 1.321 0.096
0.671 0.450 1.341 0.4498 0.4498 1.341 0.101
0.681 0.463 1.361 0.4633 0.4633 1.361 0.105
0.691 0.477 1.381 0.4771 0.4771 1.381 0.110
0.701 0.491 1.401 0.4910 0.4910 1.401 0.115
0.711 0.505 1.421 0.5051 0.5051 1.421 0.120
0.721 0.519 1.441 0.5194 0.5194 1.441 0.125
0.731 0.534 1.461 0.5340 0.5340 1.461 0.130
0.741 0.549 1.481 0.5487 0.5487 1.481 0.135
0.751 0.564 1.502 0.5636 0.5636 1.502 0.141
0.761 0.579 1.522 0.5788 0.5788 1.522 0.147
0.771 0.594 1.542 0.5941 0.5941 1.542 0.153
0.781 0.610 1.562 0.6096 0.6096 1.562 0.159
0.791 0.625 1.582 0.6254 0.6254 1.582 0.165
0.801 0.641 1.602 0.6413 0.6413 1.602 0.171
0.811 0.657 1.622 0.6574 0.6574 1.622 0.178
0.821 0.674 1.642 0.6737 0.6737 1.642 0.184
0.831 0.690 1.662 0.6903 0.6903 1.662 0.191
0.841 0.707 1.682 0.7070 0.7070 1.682 0.198
0.851 0.724 1.702 0.7239 0.7239 1.702 0.205
0.861 0.741 1.722 0.7411 0.7411 1.722 0.213
0.871 0.758 1.742 0.7584 0.7584 1.742 0.220
0.881 0.776 1.762 0.7760 0.7760 1.762 0.228
0.891 0.794 1.782 0.7937 0.7937 1.782 0.236
0.901 0.812 1.802 0.8116 0.8116 1.802 0.244
0.911 0.830 1.822 0.8298 0.8298 1.822 0.252
0.921 0.848 1.842 0.8481 0.8481 1.842 0.260
0.931 0.867 1.862 0.8666 0.8666 1.862 0.269
0.941 0.885 1.882 0.8854 0.8854 1.882 0.278
0.951 0.904 1.902 0.9043 0.9043 1.902 0.287
0.961 0.923 1.922 0.9234 0.9234 1.922 0.296
0.971 0.943 1.942 0.9428 0.9428 1.942 0.305
0.981 0.962 1.962 0.9623 0.9623 1.962 0.315
0.991 0.982 1.982 0.9821 0.9821 1.982 0.324
1.001 1.002 2.002 1.0020 1.0020 2.002 0.334
1.011 1.022 2.022 1.0221 1.0221 2.022 0.344
1.021 1.042 2.042 1.0425 1.0425 2.042 0.355
1.031 1.063 2.062 1.0630 1.0630 2.062 0.365
1.041 1.084 2.082 1.0838 1.0838 2.082 0.376
1.051 1.105 2.102 1.1047 1.1047 2.102 0.387
1.061 1.126 2.122 1.1259 1.1259 2.122 0.398
1.071 1.147 2.142 1.1472 1.1472 2.142 0.410
1.081 1.169 2.162 1.1687 1.1687 2.162 0.421
1.091 1.190 2.182 1.1905 1.1905 2.182 0.433
1.101 1.212 2.202 1.2124 1.2124 2.202 0.445
1.111 1.235 2.222 1.2346 1.2346 2.222 0.457
1.121 1.257 2.242 1.2569 1.2569 2.242 0.470
1.131 1.279 2.262 1.2795 1.2795 2.262 0.482
1.141 1.302 2.282 1.3022 1.3022 2.282 0.495
1.151 1.325 2.302 1.3251 1.3251 2.302 0.508
1.161 1.348 2.322 1.3483 1.3483 2.322 0.522
1.171 1.372 2.342 1.3716 1.3716 2.342 0.535
1.181 1.395 2.362 1.3952 1.3952 2.362 0.549
1.191 1.419 2.382 1.4189 1.4189 2.382 0.563
1.201 1.443 2.402 1.4429 1.4429 2.402 0.578
1.211 1.467 2.422 1.4670 1.4670 2.422 0.592
1.221 1.491 2.442 1.4914 1.4914 2.442 0.607
1.231 1.516 2.462 1.5159 1.5159 2.462 0.622
1.241 1.541 2.482 1.5407 1.5407 2.482 0.637
1.251 1.566 2.503 1.5656 1.5656 2.503 0.653
1.261 1.591 2.523 1.5908 1.5908 2.523 0.669
1.271 1.616 2.543 1.6161 1.6161 2.543 0.685
1.281 1.642 2.563 1.6417 1.6417 2.563 0.701
1.291 1.667 2.583 1.6674 1.6674 2.583 0.718
1.301 1.693 2.603 1.6934 1.6934 2.603 0.735
1.311 1.720 2.623 1.7195 1.7195 2.623 0.752
1.321 1.746 2.643 1.7459 1.7459 2.643 0.769
1.331 1.772 2.663 1.7724 1.7724 2.663 0.787
1.341 1.799 2.683 1.7992 1.7992 2.683 0.804
1.351 1.826 2.703 1.8262 1.8262 2.703 0.823
1.361 1.853 2.723 1.8533 1.8533 2.723 0.841
1.371 1.881 2.743 1.8807 1.8807 2.743 0.860
1.381 1.908 2.763 1.9082 1.9082 2.763 0.879
1.391 1.936 2.783 1.9360 1.9360 2.783 0.898
1.401 1.964 2.803 1.9639 1.9639 2.803 0.917
1.411 1.992 2.823 1.9921 1.9921 2.823 0.937
1.421 2.020 2.843 2.0204 2.0204 2.843 0.957
1.431 2.049 2.863 2.0490 2.0490 2.863 0.978
1.441 2.078 2.883 2.0778 2.0778 2.883 0.998
1.451 2.107 2.903 2.1067 2.1067 2.903 1.019
1.461 2.136 2.923 2.1359 2.1359 2.923 1.040
1.471 2.165 2.943 2.1652 2.1652 2.943 1.062
1.481 2.195 2.963 2.1948 2.1948 2.963 1.084
1.491 2.225 2.983 2.2245 2.2245 2.983 1.106
1.502 2.255 3.003 2.2545 2.2545 3.003 1.128
1.512 2.285 3.023 2.2847 2.2847 3.023 1.151
1.522 2.315 3.043 2.3150 2.3150 3.043 1.174
1.532 2.346 3.063 2.3456 2.3456 3.063 1.197
1.542 2.376 3.083 2.3764 2.3764 3.083 1.221
1.552 2.407 3.103 2.4073 2.4073 3.103 1.245
1.562 2.438 3.123 2.4385 2.4385 3.123 1.269
1.572 2.470 3.143 2.4698 2.4698 3.143 1.294
1.582 2.501 3.163 2.5014 2.5014 3.163 1.319
1.592 2.533 3.183 2.5332 2.5332 3.183 1.344
1.602 2.565 3.203 2.5651 2.5651 3.203 1.369
1.612 2.597 3.223 2.5973 2.5973 3.223 1.395
1.622 2.630 3.243 2.6297 2.6297 3.243 1.421
1.632 2.662 3.263 2.6622 2.6622 3.263 1.448
1.642 2.695 3.283 2.6950 2.6950 3.283 1.475
1.652 2.728 3.303 2.7280 2.7280 3.303 1.502
1.662 2.761 3.323 2.7611 2.7611 3.323 1.529
1.672 2.794 3.343 2.7945 2.7945 3.343 1.557
1.682 2.828 3.363 2.8281 2.8281 3.363 1.585
1.692 2.862 3.383 2.8618 2.8618 3.383 1.614
1.702 2.896 3.403 2.8958 2.8958 3.403 1.643
1.712 2.930 3.423 2.9300 2.9300 3.423 1.672
1.722 2.964 3.443 2.9643 2.9643 3.443 1.701
1.732 2.999 3.463 2.9989 2.9989 3.463 1.731
1.742 3.034 3.483 3.0337 3.0337 3.483 1.761
1.752 3.069 3.504 3.0686 3.0686 3.504 1.792
1.762 3.104 3.524 3.1038 3.1038 3.524 1.823
1.772 3.139 3.544 3.1392 3.1392 3.544 1.854
1.782 3.175 3.564 3.1747 3.1747 3.564 1.886
1.792 3.211 3.584 3.2105 3.2105 3.584 1.918
1.802 3.246 3.604 3.2465 3.2465 3.604 1.950
1.812 3.283 3.624 3.2827 3.2827 3.624 1.983
1.822 3.319 3.644 3.3190 3.3190 3.644 2.016
1.832 3.356 3.664 3.3556 3.3556 3.664 2.049
1.842 3.392 3.684 3.3924 3.3924 3.684 2.083
1.852 3.429 3.704 3.4294 3.4294 3.704 2.117
1.862 3.467 3.724 3.4665 3.4665 3.724 2.151
1.872 3.504 3.744 3.5039 3.5039 3.744 2.186
1.882 3.541 3.764 3.5415 3.5415 3.764 2.222
1.892 3.579 3.784 3.5793 3.5793 3.784 2.257
1.902 3.617 3.804 3.6172 3.6172 3.804 2.293
1.912 3.655 3.824 3.6554 3.6554 3.824 2.330
1.922 3.694 3.844 3.6938 3.6938 3.844 2.366
1.932 3.732 3.864 3.7324 3.7324 3.864 2.404
1.942 3.771 3.884 3.7711 3.7711 3.884 2.441
1.952 3.810 3.904 3.8101 3.8101 3.904 2.479
1.962 3.849 3.924 3.8493 3.8493 3.924 2.517
1.972 3.889 3.944 3.8887 3.8887 3.944 2.556
1.982 3.928 3.964 3.9283 3.9283 3.964 2.595
1.992 3.968 3.984 3.9680 3.9680 3.984 2.635
2.002 4.008 4.012 4.0080 4.0080 4.004 2.675
2.012 4.048 4.072 4.0482 4.0482 4.024 2.715
2.022 4.089 4.132 4.0886 4.0886 4.044 2.756
2.032 4.129 4.192 4.1292 4.1292 4.064 2.797
2.042 4.170 4.252 4.1699 4.1699 4.084 2.838
2.052 4.211 4.312 4.2109 4.2109 4.104 2.880
2.062 4.252 4.372 4.2521 4.2521 4.124 2.923
2.072 4.293 4.432 4.2935 4.2935 4.144 2.965
2.082 4.335 4.492 4.3351 4.3351 4.164 3.009
2.092 4.377 4.553 4.3768 4.3768 4.184 3.052
2.102 4.419 4.613 4.4188 4.4188 4.204 3.096
2.112 4.461 4.673 4.4610 4.4610 4.224 3.141
2.122 4.503 4.733 4.5034 4.5034 4.244 3.186
2.132 4.546 4.793 4.5460 4.5460 4.264 3.231
2.142 4.589 4.853 4.5888 4.5888 4.284 3.277
2.152 4.632 4.913 4.6318 4.6318 4.304 3.323
2.162 4.675 4.973 4.6749 4.6749 4.324 3.369
2.172 4.718 5.033 4.7183 4.7183 4.344 3.416
2.182 4.762 5.093 4.7619 4.7619 4.364 3.464
2.192 4.806 5.153 4.8057 4.8057 4.384 3.512
2.202 4.850 5.213 4.8497 4.8497 4.404 3.560
2.212 4.894 5.273 4.8939 4.8939 4.424 3.609
2.222 4.938 5.333 4.9383 4.9383 4.444 3.658
2.232 4.983 5.393 4.9829 4.9829 4.464 3.708
2.242 5.028 5.453 5.0277 5.0277 4.484 3.758
2.252 5.073 5.514 5.0726 5.0726 4.505 3.808
2.262 5.118 5.574 5.1178 5.1178 4.525 3.859
2.272 5.163 5.634 5.1632 5.1632 4.545 3.911
2.282 5.209 5.694 5.2088 5.2088 4.565 3.963
2.292 5.255 5.754 5.2546 5.2546 4.585 4.015
2.302 5.301 5.814 5.3006 5.3006 4.605 4.068
2.312 5.347 5.874 5.3468 5.3468 4.625 4.121
2.322 5.393 5.934 5.3932 5.3932 4.645 4.175
2.332 5.440 5.994 5.4398 5.4398 4.665 4.229
2.342 5.487 6.054 5.4866 5.4866 4.685 4.284
2.352 5.534 6.114 5.5336 5.5336 4.705 4.339
2.362 5.581 6.174 5.5808 5.5808 4.725 4.395
2.372 5.628 6.234 5.6282 5.6282 4.745 4.451
2.382 5.676 6.294 5.6757 5.6757 4.765 4.507
2.392 5.724 6.354 5.7235 5.7235 4.785 4.564
2.402 5.772 6.414 5.7715 5.7715 4.805 4.622
2.412 5.820 6.474 5.8197 5.8197 4.825 4.680
2.422 5.868 6.535 5.8681 5.8681 4.845 4.738
2.432 5.917 6.595 5.9167 5.9167 4.865 4.797
2.442 5.966 6.655 5.9655 5.9655 4.885 4.857
2.452 6.015 6.715 6.0145 6.0145 4.905 4.917
2.462 6.064 6.775 6.0637 6.0637 4.925 4.977
2.472 6.113 6.835 6.1131 6.1131 4.945 5.038
2.482 6.163 6.895 6.1627 6.1627 4.965 5.100
2.492 6.213 6.955 6.2125 6.2125 4.985 5.162
2.503 6.263 7.015 6.2625 6.2625 5.005 5.224
2.513 6.313 7.075 6.3127 6.3127 5.025 5.287
2.523 6.363 7.135 6.3631 6.3631 5.045 5.350
2.533 6.414 7.195 6.4137 6.4137 5.065 5.414
2.543 6.465 7.255 6.4645 6.4645 5.085 5.479
2.553 6.516 7.315 6.5155 6.5155 5.105 5.544
2.563 6.567 7.375 6.5667 6.5667 5.125 5.609
2.573 6.618 7.435 6.6181 6.6181 5.145 5.675
2.583 6.670 7.495 6.6697 6.6697 5.165 5.742
2.593 6.722 7.556 6.7215 6.7215 5.185 5.809
2.603 6.774 7.616 6.7735 6.7735 5.205 5.876
2.613 6.826 7.676 6.8257 6.8257 5.225 5.944
2.623 6.878 7.736 6.8781 6.8781 5.245 6.013
2.633 6.931 7.796 6.9308 6.9308 5.265 6.082
2.643 6.984 7.856 6.9836 6.9836 5.285 6.152
2.653 7.037 7.916 7.0366 7.0366 5.305 6.222
2.663 7.090 7.976 7.0898 7.0898 5.325 6.293
2.673 7.143 8.036 7.1432 7.1432 5.345 6.364
2.683 7.197 8.096 7.1968 7.1968 5.365 6.436
2.693 7.251 8.156 7.2506 7.2506 5.385 6.508
2.703 7.305 8.216 7.3046 7.3046 5.405 6.581
2.713 7.359 8.276 7.3588 7.3588 5.425 6.654
2.723 7.413 8.336 7.4132 7.4132 5.445 6.728
2.733 7.468 8.396 7.4678 7.4678 5.465 6.803
2.743 7.523 8.456 7.5226 7.5226 5.485 6.878
2.753 7.578 8.517 7.5776 7.5776 5.506 6.953
2.763 7.633 8.577 7.6329 7.6329 5.526 7.029
2.773 7.688 8.637 7.6883 7.6883 5.546 7.106
2.783 7.744 8.697 7.7439 7.7439 5.566 7.183
2.793 7.800 8.757 7.7997 7.7997 5.586 7.261
2.803 7.856 8.817 7.8557 7.8557 5.606 7.339
2.813 7.912 8.877 7.9119 7.9119 5.626 7.418
2.823 7.968 8.937 7.9683 7.9683 5.646 7.498
2.833 8.025 8.997 8.0249 8.0249 5.666 7.578
2.843 8.082 9.057 8.0818 8.0818 5.686 7.658
2.853 8.139 9.117 8.1388 8.1388 5.706 7.740
2.863 8.196 9.177 8.1960 8.1960 5.726 7.821
2.873 8.253 9.237 8.2534 8.2534 5.746 7.904
2.883 8.311 9.297 8.3110 8.3110 5.766 7.987
2.893 8.369 9.357 8.3688 8.3688 5.786 8.070
2.903 8.427 9.417 8.4268 8.4268 5.806 8.154
2.913 8.485 9.477 8.4851 8.4851 5.826 8.239
2.923 8.543 9.538 8.5435 8.5435 5.846 8.324
2.933 8.602 9.598 8.6021 8.6021 5.866 8.410
2.943 8.661 9.658 8.6609 8.6609 5.886 8.496
2.953 8.720 9.718 8.7199 8.7199 5.906 8.583
2.963 8.779 9.778 8.7791 8.7791 5.926 8.671
2.973 8.839 9.838 8.8386 8.8386 5.946 8.759
2.983 8.898 9.898 8.8982 8.8982 5.966 8.848
2.993 8.958 9.958 8.9580 8.9580 5.986 8.937
3.003 9.018 10.018 9.0180 9.0180 6.006 9.027
3.013 9.078 10.078 9.0782 9.0782 6.026 9.118
3.023 9.139 10.138 9.1387 9.1387 6.046 9.209
3.033 9.199 10.198 9.1993 9.1993 6.066 9.301
3.043 9.260 10.258 9.2601 9.2601 6.086 9.393
3.053 9.321 10.318 9.3211 9.3211 6.106 9.486
3.063 9.382 10.378 9.3824 9.3824 6.126 9.580
3.073 9.444 10.438 9.4438 9.4438 6.146 9.674
3.083 9.505 10.498 9.5054 9.5054 6.166 9.769
3.093 9.567 10.559 9.5672 9.5672 6.186 9.864
3.103 9.629 10.619 9.6292 9.6292 6.206 9.960
3.113 9.691 10.679 9.6915 9.6915 6.226 10.057
3.123 9.754 10.739 9.7539 9.7539 6.246 10.154
3.133 9.817 10.799 9.8165 9.8165 6.266 10.252
3.143 9.879 10.859 9.8793 9.8793 6.286 10.351
3.153 9.942 10.919 9.9424 9.9424 6.306 10.450
3.163 10.006 10.979 10.0056 10.0056 6.326 10.550
3.173 10.069 11.039 10.0690 10.0690 6.346 10.650
3.183 10.133 11.099 10.1327 10.1327 6.366 10.751
3.193 10.196 11.159 10.1965 10.1965 6.386 10.853
3.203 10.261 11.219 10.2605 10.2605 6.406 10.956
3.213 10.325 11.279 10.3247 10.3247 6.426 11.059
3.223 10.389 11.339 10.3892 10.3892 6.446 11.162
3.233 10.454 11.399 10.4538 10.4538 6.466 11.267
3.243 10.519 11.459 10.5186 10.5186 6.486 11.371
3.253 10.584 11.520 10.5837 10.5837 6.507 11.477
3.263 10.649 11.580 10.6489 10.6489 6.527 11.583
3.273 10.714 11.640 10.7143 10.7143 6.547 11.690
3.283 10.780 11.700 10.7799 10.7799 6.567 11.798
3.293 10.846 11.760 10.8458 10.8458 6.587 11.906
3.303 10.912 11.820 10.9118 10.9118 6.607 12.015
3.313 10.978 11.880 10.9780 10.9780 6.627 12.125
3.323 11.044 11.940 11.0445 11.0445 6.647 12.235
3.333 11.111 12.000 11.1111 11.1111 6.667 12.346
3.343 11.178 12.060 11.1779 11.1779 6.687 12.457
3.353 11.245 12.120 11.2450 11.2450 6.707 12.569
3.363 11.312 12.180 11.3122 11.3122 6.727 12.682
3.373 11.380 12.240 11.3796 11.3796 6.747 12.796
3.383 11.447 12.300 11.4473 11.4473 6.767 12.910
3.393 11.515 12.360 11.5151 11.5151 6.787 13.025
3.403 11.583 12.420 11.5832 11.5832 6.807 13.141
3.413 11.651 12.480 11.6514 11.6514 6.827 13.257
3.423 11.720 12.541 11.7198 11.7198 6.847 13.374
3.433 11.788 12.601 11.7885 11.7885 6.867 13.492
3.443 11.857 12.661 11.8573 11.8573 6.887 13.610
3.453 11.926 12.721 11.9263 11.9263 6.907 13.729
3.463 11.996 12.781 11.9956 11.9956 6.927 13.849
3.473 12.065 12.841 12.0650 12.0650 6.947 13.969
3.483 12.135 12.901 12.1347 12.1347 6.967 14.090
3.493 12.204 12.961 12.2045 12.2045 6.987 14.212
3.504 12.275 13.021 12.2745 12.2745 7.007 14.335
3.514 12.345 13.081 12.3448 12.3448 7.027 14.458
3.524 12.415 13.141 12.4152 12.4152 7.047 14.582
3.534 12.486 13.201 12.4859 12.4859 7.067 14.706
3.544 12.557 13.261 12.5567 12.5567 7.087 14.832
3.554 12.628 13.321 12.6277 12.6277 7.107 14.958
3.564 12.699 13.381 12.6990 12.6990 7.127 15.085
3.574 12.770 13.441 12.7704 12.7704 7.147 15.212
3.584 12.842 13.502 12.8421 12.8421 7.167 15.340
3.594 12.914 13.562 12.9139 12.9139 7.187 15.469
3.604 12.986 13.622 12.9860 12.9860 7.207 15.599
3.614 13.058 13.682 13.0582 13.0582 7.227 15.729
3.624 13.131 13.742 13.1306 13.1306 7.247 15.860
3.634 13.203 13.802 13.2033 13.2033 7.267 15.992
3.644 13.276 13.862 13.2761 13.2761 7.287 16.125
3.654 13.349 13.922 13.3492 13.3492 7.307 16.258
3.664 13.422 13.982 13.4224 13.4224 7.327 16.392
3.674 13.496 14.042 13.4959 13.4959 7.347 16.526
3.684 13.570 14.102 13.5695 13.5695 7.367 16.662
3.694 13.643 14.162 13.6434 13.6434 7.387 16.798
3.704 13.717 14.222 13.7174 13.7174 7.407 16.935
3.714 13.792 14.282 13.7917 13.7917 7.427 17.073
3.724 13.866 14.342 13.8661 13.8661 7.447 17.211
3.734 13.941 14.402 13.9408 13.9408 7.467 17.350
3.744 14.016 14.462 14.0156 14.0156 7.487 17.490
3.754 14.091 14.523 14.0907 14.0907 7.508 17.631
3.764 14.166 14.583 14.1659 14.1659 7.528 17.772
3.774 14.241 14.643 14.2414 14.2414 7.548 17.915
3.784 14.317 14.703 14.3170 14.3170 7.568 18.058
3.794 14.393 14.763 14.3929 14.3929 7.588 18.201
3.804 14.469 14.823 14.4689 14.4689 7.608 18.346
3.814 14.545 14.883 14.5452 14.5452 7.628 18.491
3.824 14.622 14.943 14.6216 14.6216 7.648 18.637
3.834 14.698 15.003 14.6983 14.6983 7.668 18.784
3.844 14.775 15.063 14.7751 14.7751 7.688 18.931
3.854 14.852 15.123 14.8522 14.8522 7.708 19.079
3.864 14.929 15.183 14.9294 14.9294 7.728 19.228
3.874 15.007 15.243 15.0069 15.0069 7.748 19.378
3.884 15.085 15.303 15.0846 15.0846 7.768 19.529
3.894 15.162 15.363 15.1624 15.1624 7.788 19.680
3.904 15.240 15.423 15.2405 15.2405 7.808 19.832
3.914 15.319 15.483 15.3187 15.3187 7.828 19.985
3.924 15.397 15.544 15.3972 15.3972 7.848 20.139
3.934 15.476 15.604 15.4758 15.4758 7.868 20.294
3.944 15.555 15.664 15.5547 15.5547 7.888 20.449
3.954 15.634 15.724 15.6338 15.6338 7.908 20.605
3.964 15.713 15.784 15.7130 15.7130 7.928 20.762
3.974 15.792 15.844 15.7925 15.7925 7.948 20.920
3.984 15.872 15.904 15.8721 15.8721 7.968 21.078
3.994 15.952 15.964 15.9520 15.9520 7.988 21.237
4.004 16.032 16.040 16.0320 16.0320 8.008 21.397
4.014 16.112 16.140 16.1123 16.1123 8.028 21.558
4.024 16.193 16.240 16.1928 16.1928 8.048 21.720
4.034 16.273 16.340 16.2734 16.2734 8.068 21.883
4.044 16.354 16.440 16.3543 16.3543 8.088 22.046
4.054 16.435 16.541 16.4354 16.4354 8.108 22.210
4.064 16.517 16.641 16.5166 16.5166 8.128 22.375
4.074 16.598 16.741 16.5981 16.5981 8.148 22.541
4.084 16.680 16.841 16.6797 16.6797 8.168 22.707
4.094 16.762 16.941 16.7616 16.7616 8.188 22.875
4.104 16.844 17.041 16.8437 16.8437 8.208 23.043
4.114 16.926 17.141 16.9259 16.9259 8.228 23.212
4.124 17.008 17.241 17.0084 17.0084 8.248 23.382
4.134 17.091 17.341 17.0911 17.0911 8.268 23.552
4.144 17.174 17.441 17.1739 17.1739 8.288 23.724
4.154 17.257 17.542 17.2570 17.2570 8.308 23.896
4.164 17.340 17.642 17.3403 17.3403 8.328 24.069
4.174 17.424 17.742 17.4237 17.4237 8.348 24.243
4.184 17.507 17.842 17.5074 17.5074 8.368 24.418
4.194 17.591 17.942 17.5913 17.5913 8.388 24.594
4.204 17.675 18.042 17.6753 17.6753 8.408 24.770
4.214 17.760 18.142 17.7596 17.7596 8.428 24.948
4.224 17.844 18.242 17.8441 17.8441 8.448 25.126
4.234 17.929 18.342 17.9287 17.9287 8.468 25.305
4.244 18.014 18.442 18.0136 18.0136 8.488 25.485
4.254 18.099 18.543 18.0987 18.0987 8.509 25.665
4.264 18.184 18.643 18.1839 18.1839 8.529 25.847
4.274 18.269 18.743 18.2694 18.2694 8.549 26.030
4.284 18.355 18.843 18.3551 18.3551 8.569 26.213
4.294 18.441 18.943 18.4410 18.4410 8.589 26.397
4.304 18.527 19.043 18.5270 18.5270 8.609 26.582
4.314 18.613 19.143 18.6133 18.6133 8.629 26.768
4.324 18.700 19.243 18.6998 18.6998 8.649 26.955
4.334 18.786 19.343 18.7865 18.7865 8.669 27.142
4.344 18.873 19.443 18.8733 18.8733 8.689 27.331
4.354 18.960 19.544 18.9604 18.9604 8.709 27.520
4.364 19.048 19.644 19.0477 19.0477 8.729 27.710
4.374 19.135 19.744 19.1352 19.1352 8.749 27.901
4.384 19.223 19.844 19.2228 19.2228 8.769 28.093
4.394 19.311 19.944 19.3107 19.3107 8.789 28.286
4.404 19.399 20.044 19.3988 19.3988 8.809 28.480
4.414 19.487 20.144 19.4871 19.4871 8.829 28.675
4.424 19.576 20.244 19.5755 19.5755 8.849 28.870
4.434 19.664 20.344 19.6642 19.6642 8.869 29.067
4.444 19.753 20.444 19.7531 19.7531 8.889 29.264
4.454 19.842 20.545 19.8422 19.8422 8.909 29.462
4.464 19.931 20.645 19.9314 19.9314 8.929 29.661
4.474 20.021 20.745 20.0209 20.0209 8.949 29.861
4.484 20.111 20.845 20.1106 20.1106 8.969 30.062
4.494 20.200 20.945 20.2005 20.2005 8.989 30.264
4.505 20.291 21.045 20.2906 20.2906 9.009 30.466
4.515 20.381 21.145 20.3808 20.3808 9.029 30.670
4.525 20.471 21.245 20.4713 20.4713 9.049 30.874
4.535 20.562 21.345 20.5620 20.5620 9.069 31.080
4.545 20.653 21.445 20.6529 20.6529 9.089 31.286
4.555 20.744 21.546 20.7440 20.7440 9.109 31.493
4.565 20.835 21.646 20.8352 20.8352 9.129 31.701
4.575 20.927 21.746 20.9267 20.9267 9.149 31.910
4.585 21.018 21.846 21.0184 21.0184 9.169 32.120
4.595 21.110 21.946 21.1103 21.1103 9.189 32.331
4.605 21.202 22.046 21.2024 21.2024 9.209 32.543
4.615 21.295 22.146 21.2947 21.2947 9.229 32.756
4.625 21.387 22.246 21.3872 21.3872 9.249 32.969
4.635 21.480 22.346 21.4798 21.4798 9.269 33.184
4.645 21.573 22.446 21.5727 21.5727 9.289 33.399
4.655 21.666 22.547 21.6658 21.6658 9.309 33.616
4.665 21.759 22.647 21.7591 21.7591 9.329 33.833
4.675 21.853 22.747 21.8526 21.8526 9.349 34.051
4.685 21.946 22.847 21.9463 21.9463 9.369 34.270
4.695 22.040 22.947 22.0402 22.0402 9.389 34.491
4.705 22.134 23.047 22.1342 22.1342 9.409 34.712
4.715 22.229 23.147 22.2285 22.2285 9.429 34.934
4.725 22.323 23.247 22.3230 22.3230 9.449 35.157
4.735 22.418 23.347 22.4177 22.4177 9.469 35.381
4.745 22.513 23.447 22.5126 22.5126 9.489 35.606
4.755 22.608 23.548 22.6077 22.6077 9.510 35.831
4.765 22.703 23.648 22.7030 22.7030 9.530 36.058
4.775 22.798 23.748 22.7985 22.7985 9.550 36.286
4.785 22.894 23.848 22.8942 22.8942 9.570 36.515
4.795 22.990 23.948 22.9901 22.9901 9.590 36.744
4.805 23.086 24.048 23.0861 23.0861 9.610 36.975
4.815 23.182 24.148 23.1824 23.1824 9.630 37.206
4.825 23.279 24.248 23.2789 23.2789 9.650 37.439
4.835 23.376 24.348 23.3756 23.3756 9.670 37.672
4.845 23.473 24.448 23.4725 23.4725 9.690 37.907
4.855 23.570 24.549 23.5696 23.5696 9.710 38.142
4.865 23.667 24.649 23.6669 23.6669 9.730 38.379
4.875 23.764 24.749 23.7644 23.7644 9.750 38.616
4.885 23.862 24.849 23.8621 23.8621 9.770 38.855
4.895 23.960 24.949 23.9600 23.9600 9.790 39.094
4.905 24.058 25.049 24.0581 24.0581 9.810 39.334
4.915 24.156 25.149 24.1564 24.1564 9.830 39.576
4.925 24.255 25.249 24.2549 24.2549 9.850 39.818
4.935 24.354 25.349 24.3536 24.3536 9.870 40.061
4.945 24.452 25.449 24.4525 24.4525 9.890 40.305
4.955 24.552 25.550 24.5516 24.5516 9.910 40.551
4.965 24.651 25.650 24.6509 24.6509 9.930 40.797
4.975 24.750 25.750 24.7504 24.7504 9.950 41.044
4.985 24.850 25.850 24.8501 24.8501 9.970 41.292
4.995 24.950 25.950 24.9500 24.9500 9.990 41.542
5.005 25.050 26.050 25.0501 25.0501 10.010 41.792
5.015 25.150 26.150 25.1504 25.1504 10.030 42.043
5.025 25.251 26.250 25.2509 25.2509 10.050 42.295
5.035 25.352 26.350 25.3516 25.3516 10.070 42.549
5.045 25.452 26.450 25.4525 25.4525 10.090 42.803
5.055 25.554 26.551 25.5536 25.5536 10.110 43.058
5.065 25.655 26.651 25.6549 25.6549 10.130 43.315
5.075 25.756 26.751 25.7564 25.7564 10.150 43.572
5.085 25.858 26.851 25.8581 25.8581 10.170 43.830
5.095 25.960 26.951 25.9600 25.9600 10.190 44.090
5.105 26.062 27.051 26.0621 26.0621 10.210 44.350
5.115 26.164 27.151 26.1644 26.1644 10.230 44.611
5.125 26.267 27.251 26.2669 26.2669 10.250 44.874
5.135 26.370 27.351 26.3696 26.3696 10.270 45.137
5.145 26.473 27.451 26.4725 26.4725 10.290 45.402
5.155 26.576 27.552 26.5756 26.5756 10.310 45.667
5.165 26.679 27.652 26.6789 26.6789 10.330 45.934
5.175 26.782 27.752 26.7824 26.7824 10.350 46.201
5.185 26.886 27.852 26.8861 26.8861 10.370 46.470
5.195 26.990 27.952 26.9901 26.9901 10.390 46.740
5.205 27.094 28.052 27.0942 27.0942 10.410 47.010
5.215 27.198 28.152 27.1985 27.1985 10.430 47.282
5.225 27.303 28.252 27.3030 27.3030 10.450 47.555
5.235 27.408 28.352 27.4077 27.4077 10.470 47.829
5.245 27.513 28.452 27.5126 27.5126 10.490 48.103
5.255 27.618 28.553 27.6177 27.6177 10.511 48.379
5.265 27.723 28.653 27.7230 27.7230 10.531 48.656
5.275 27.829 28.753 27.8285 27.8285 10.551 48.934
5.285 27.934 28.853 27.9342 27.9342 10.571 49.213
5.295 28.040 28.953 28.0402 28.0402 10.591 49.494
5.305 28.146 29.053 28.1463 28.1463 10.611 49.775
5.315 28.253 29.153 28.2526 28.2526 10.631 50.057
5.325 28.359 29.253 28.3591 28.3591 10.651 50.340
5.335 28.466 29.353 28.4658 28.4658 10.671 50.625
5.345 28.573 29.453 28.5727 28.5727 10.691 50.910
5.355 28.680 29.554 28.6798 28.6798 10.711 51.197
5.365 28.787 29.654 28.7871 28.7871 10.731 51.485
5.375 28.895 29.754 28.8947 28.8947 10.751 51.773
5.385 29.002 29.854 29.0024 29.0024 10.771 52.063
5.395 29.110 29.954 29.1103 29.1103 10.791 52.354
5.405 29.218 30.054 29.2184 29.2184 10.811 52.646
5.415 29.327 30.154 29.3267 29.3267 10.831 52.939
5.425 29.435 30.254 29.4352 29.4352 10.851 53.233
5.435 29.544 30.354 29.5440 29.5440 10.871 53.528
5.445 29.653 30.454 29.6529 29.6529 10.891 53.824
5.455 29.762 30.555 29.7620 29.7620 10.911 54.122
5.465 29.871 30.655 29.8713 29.8713 10.931 54.420
5.475 29.981 30.755 29.9808 29.9808 10.951 54.720
5.485 30.091 30.855 30.0906 30.0906 10.971 55.020
5.495 30.200 30.955 30.2005 30.2005 10.991 55.322
5.506 30.311 31.055 30.3106 30.3106 11.011 55.625
5.516 30.421 31.155 30.4209 30.4209 11.031 55.929
5.526 30.531 31.255 30.5314 30.5314 11.051 56.234
5.536 30.642 31.355 30.6422 30.6422 11.071 56.540
5.546 30.753 31.455 30.7531 30.7531 11.091 56.848
5.556 30.864 31.556 30.8642 30.8642 11.111 57.156
5.566 30.976 31.656 30.9755 30.9755 11.131 57.465
5.576 31.087 31.756 31.0870 31.0870 11.151 57.776
5.586 31.199 31.856 31.1988 31.1988 11.171 58.088
5.596 31.311 31.956 31.3107 31.3107 11.191 58.401
5.606 31.423 32.056 31.4228 31.4228 11.211 58.715
5.616 31.535 32.156 31.5351 31.5351 11.231 59.030
5.626 31.648 32.256 31.6477 31.6477 11.251 59.346
5.636 31.760 32.356 31.7604 31.7604 11.271 59.663
5.646 31.873 32.456 31.8733 31.8733 11.291 59.982
5.656 31.986 32.557 31.9864 31.9864 11.311 60.301
5.666 32.100 32.657 32.0998 32.0998 11.331 60.622
5.676 32.213 32.757 32.2133 32.2133 11.351 60.944
5.686 32.327 32.857 32.3270 32.3270 11.371 61.267
5.696 32.441 32.957 32.4409 32.4409 11.391 61.591
5.706 32.555 33.057 32.5551 32.5551 11.411 61.917
5.716 32.669 33.157 32.6694 32.6694 11.431 62.243
5.726 32.784 33.257 32.7839 32.7839 11.451 62.571
5.736 32.899 33.357 32.8987 32.8987 11.471 62.899
5.746 33.014 33.457 33.0136 33.0136 11.491 63.229
5.756 33.129 33.558 33.1287 33.1287 11.512 63.560
5.766 33.244 33.658 33.2441 33.2441 11.532 63.892
5.776 33.360 33.758 33.3596 33.3596 11.552 64.226
5.786 33.475 33.858 33.4753 33.4753 11.572 64.560
5.796 33.591 33.958 33.5912 33.5912 11.592 64.896
5.806 33.707 34.058 33.7074 33.7074 11.612 65.233
5.816 33.824 34.158 33.8237 33.8237 11.632 65.571
5.826 33.940 34.258 33.9402 33.9402 11.652 65.910
5.836 34.057 34.358 34.0570 34.0570 11.672 66.250
5.846 34.174 34.458 34.1739 34.1739 11.692 66.592
5.856 34.291 34.559 34.2910 34.2910 11.712 66.934
5.866 34.408 34.659 34.4084 34.4084 11.732 67.278
5.876 34.526 34.759 34.5259 34.5259 11.752 67.623
5.886 34.644 34.859 34.6437 34.6437 11.772 67.970
5.896 34.762 34.959 34.7616 34.7616 11.792 68.317
5.906 34.880 35.059 34.8797 34.8797 11.812 68.665
5.916 34.998 35.159 34.9981 34.9981 11.832 69.015
5.926 35.117 35.259 35.1166 35.1166 11.852 69.366
5.936 35.235 35.359 35.2353 35.2353 11.872 69.718
5.946 35.354 35.459 35.3543 35.3543 11.892 70.072
5.956 35.473 35.560 35.4734 35.4734 11.912 70.426
5.966 35.593 35.660 35.5927 35.5927 11.932 70.782
5.976 35.712 35.760 35.7123 35.7123 11.952 71.139
5.986 35.832 35.860 35.8320 35.8320 11.972 71.497
5.996 35.952 35.960 35.9520 35.9520 11.992 71.856
6.006 36.072 36.084 36.0721 36.0721 12.012 72.216
6.016 36.192 36.224 36.1924 36.1924 12.032 72.578
6.026 36.313 36.364 36.3130 36.3130 12.052 72.941
6.036 36.434 36.505 36.4337 36.4337 12.072 73.305
6.046 36.555 36.645 36.5547 36.5547 12.092 73.670
6.056 36.676 36.785 36.6758 36.6758 12.112 74.037
6.066 36.797 36.925 36.7972 36.7972 12.132 74.405
6.076 36.919 37.065 36.9187 36.9187 12.152 74.774
6.086 37.040 37.205 37.0404 37.0404 12.172 75.144
6.096 37.162 37.345 37.1624 37.1624 12.192 75.515
6.106 37.285 37.485 37.2845 37.2845 12.212 75.888
6.116 37.407 37.626 37.4069 37.4069 12.232 76.262
6.126 37.529 37.766 37.5294 37.5294 12.252 76.637
6.136 37.652 37.906 37.6522 37.6522 12.272 77.013
6.146 37.775 38.046 37.7751 37.7751 12.292 77.390
6.156 37.898 38.186 37.8983 37.8983 12.312 77.769
6.166 38.022 38.326 38.0216 38.0216 12.332 78.149
6.176 38.145 38.466 38.1452 38.1452 12.352 78.530
6.186 38.269 38.607 38.2689 38.2689 12.372 78.913
6.196 38.393 38.747 38.3928 38.3928 12.392 79.297
6.206 38.517 38.887 38.5170 38.5170 12.412 79.681
6.216 38.641 39.027 38.6413 38.6413 12.432 80.068
6.226 38.766 39.167 38.7659 38.7659 12.452 80.455
6.236 38.891 39.307 38.8906 38.8906 12.472 80.844
6.246 39.016 39.447 39.0156 39.0156 12.492 81.234
6.256 39.141 39.588 39.1407 39.1407 12.513 81.625
6.266 39.266 39.728 39.2661 39.2661 12.533 82.017
6.276 39.392 39.868 39.3916 39.3916 12.553 82.411
6.286 39.517 40.008 39.5174 39.5174 12.573 82.806
6.296 39.643 40.148 39.6433 39.6433 12.593 83.202
6.306 39.769 40.288 39.7695 39.7695 12.613 83.600
6.316 39.896 40.428 39.8959 39.8959 12.633 83.998
6.326 40.022 40.569 40.0224 40.0224 12.653 84.398
6.336 40.149 40.709 40.1492 40.1492 12.673 84.800
6.346 40.276 40.849 40.2761 40.2761 12.693 85.202
6.356 40.403 40.989 40.4033 40.4033 12.713 85.606
6.366 40.531 41.129 40.5306 40.5306 12.733 86.011
6.376 40.658 41.269 40.6582 40.6582 12.753 86.417
6.386 40.786 41.409 40.7859 40.7859 12.773 86.825
6.396 40.914 41.550 40.9139 40.9139 12.793 87.234
6.406 41.042 41.690 41.0420 41.0420 12.813 87.644
6.416 41.170 41.830 41.1704 41.1704 12.833 88.055
6.426 41.299 41.970 41.2990 41.2990 12.853 88.468
6.436 41.428 42.110 41.4277 41.4277 12.873 88.882
6.446 41.557 42.250 41.5567 41.5567 12.893 89.298
6.456 41.686 42.390 41.6858 41.6858 12.913 89.714
6.466 41.815 42.531 41.8152 41.8152 12.933 90.132
6.476 41.945 42.671 41.9447 41.9447 12.953 90.551
6.486 42.075 42.811 42.0745 42.0745 12.973 90.972
6.496 42.204 42.951 42.2045 42.2045 12.993 91.394
6.507 42.335 43.091 42.3346 42.3346 13.013 91.817
6.517 42.465 43.231 42.4650 42.4650 13.033 92.241
6.527 42.596 43.371 42.5955 42.5955 13.053 92.667
6.537 42.726 43.512 42.7263 42.7263 13.073 93.094
6.547 42.857 43.652 42.8573 42.8573 13.093 93.522
6.557 42.988 43.792 42.9884 42.9884 13.113 93.952
6.567 43.120 43.932 43.1198 43.1198 13.133 94.383
6.577 43.251 44.072 43.2514 43.2514 13.153 94.815
6.587 43.383 44.212 43.3831 43.3831 13.173 95.249
6.597 43.515 44.352 43.5151 43.5151 13.193 95.684
6.607 43.647 44.492 43.6473 43.6473 13.213 96.120
6.617 43.780 44.633 43.7796 43.7796 13.233 96.558
6.627 43.912 44.773 43.9122 43.9122 13.253 96.997
6.637 44.045 44.913 44.0449 44.0449 13.273 97.437
6.647 44.178 45.053 44.1779 44.1779 13.293 97.878
6.657 44.311 45.193 44.3111 44.3111 13.313 98.321
6.667 44.444 45.333 44.4444 44.4444 13.333 98.765
6.677 44.578 45.473 44.5780 44.5780 13.353 99.211
6.687 44.712 45.614 44.7118 44.7118 13.373 99.658
6.697 44.846 45.754 44.8457 44.8457 13.393 100.106
6.707 44.980 45.894 44.9799 44.9799 13.413 100.556
6.717 45.114 46.034 45.1143 45.1143 13.433 101.007
6.727 45.249 46.174 45.2489 45.2489 13.453 101.459
6.737 45.384 46.314 45.3836 45.3836 13.473 101.913
6.747 45.519 46.454 45.5186 45.5186 13.493 102.367
6.757 45.654 46.595 45.6538 45.6538 13.514 102.824
6.767 45.789 46.735 45.7891 45.7891 13.534 103.281
6.777 45.925 46.875 45.9247 45.9247 13.554 103.740
6.787 46.060 47.015 46.0605 46.0605 13.574 104.201
6.797 46.196 47.155 46.1964 46.1964 13.594 104.663
6.807 46.333 47.295 46.3326 46.3326 13.614 105.126
6.817 46.469 47.435 46.4690 46.4690 13.634 105.590
6.827 46.606 47.576 46.6056 46.6056 13.654 106.056
6.837 46.742 47.716 46.7423 46.7423 13.674 106.523
6.847 46.879 47.856 46.8793 46.8793 13.694 106.992
6.857 47.016 47.996 47.0165 47.0165 13.714 107.462
6.867 47.154 48.136 47.1539 47.1539 13.734 107.933
6.877 47.291 48.276 47.2914 47.2914 13.754 108.406
6.887 47.429 48.416 47.4292 47.4292 13.774 108.880
6.897 47.567 48.557 47.5672 47.5672 13.794 109.355
6.907 47.705 48.697 47.7054 47.7054 13.814 109.832
6.917 47.844 48.837 47.8437 47.8437 13.834 110.310
6.927 47.982 48.977 47.9823 47.9823 13.854 110.790
6.937 48.121 49.117 48.1211 48.1211 13.874 111.271
6.947 48.260 49.257 48.2601 48.2601 13.894 111.753
6.957 48.399 49.397 48.3993 48.3993 13.914 112.237
6.967 48.539 49.538 48.5386 48.5386 13.934 112.722
6.977 48.678 49.678 48.6782 48.6782 13.954 113.209
6.987 48.818 49.818 48.8180 48.8180 13.974 113.697
6.997 48.958 49.958 48.9580 48.9580 13.994 114.186
7.007 49.098 50.098 49.0981 49.0981 14.014 114.677
7.017 49.239 50.238 49.2385 49.2385 14.034 115.169
7.027 49.379 50.378 49.3791 49.3791 14.054 115.663
7.037 49.520 50.519 49.5199 49.5199 14.074 116.158
7.047 49.661 50.659 49.6609 49.6609 14.094 116.654
7.057 49.802 50.799 49.8021 49.8021 14.114 117.152
7.067 49.943 50.939 49.9434 49.9434 14.134 117.651
7.077 50.085 51.079 50.0850 50.0850 14.154 118.152
7.087 50.227 51.219 50.2268 50.2268 14.174 118.654
7.097 50.369 51.359 50.3688 50.3688 14.194 119.157
7.107 50.511 51.499 50.5110 50.5110 14.214 119.662
7.117 50.653 51.640 50.6534 50.6534 14.234 120.169
7.127 50.796 51.780 50.7959 50.7959 14.254 120.676
7.137 50.939 51.920 50.9387 50.9387 14.274 121.186
7.147 51.082 52.060 51.0817 51.0817 14.294 121.696
7.157 51.225 52.200 51.2249 51.2249 14.314 122.208
7.167 51.368 52.340 51.3683 51.3683 14.334 122.722
7.177 51.512 52.480 51.5119 51.5119 14.354 123.237
7.187 51.656 52.621 51.6557 51.6557 14.374 123.753
7.197 51.800 52.761 51.7996 51.7996 14.394 124.271
7.207 51.944 52.901 51.9438 51.9438 14.414 124.790
7.217 52.088 53.041 52.0882 52.0882 14.434 125.311
7.227 52.233 53.181 52.2328 52.2328 14.454 125.833
7.237 52.378 53.321 52.3776 52.3776 14.474 126.356
7.247 52.523 53.461 52.5226 52.5226 14.494 126.881
7.257 52.668 53.602 52.6678 52.6678 14.515 127.408
7.267 52.813 53.742 52.8132 52.8132 14.535 127.936
7.277 52.959 53.882 52.9588 52.9588 14.555 128.465
7.287 53.105 54.022 53.1046 53.1046 14.575 128.996
7.297 53.251 54.162 53.2505 53.2505 14.595 129.528
7.307 53.397 54.302 53.3967 53.3967 14.615 130.062
7.317 53.543 54.442 53.5431 53.5431 14.635 130.597
7.327 53.690 54.583 53.6897 53.6897 14.655 131.134
7.337 53.837 54.723 53.8365 53.8365 14.675 131.672
7.347 53.984 54.863 53.9835 53.9835 14.695 132.212
7.357 54.131 55.003 54.1307 54.1307 14.715 132.753
7.367 54.278 55.143 54.2781 54.2781 14.735 133.296
7.377 54.426 55.283 54.4257 54.4257 14.755 133.840
7.387 54.573 55.423 54.5735 54.5735 14.775 134.385
7.397 54.721 55.564 54.7215 54.7215 14.795 134.932
7.407 54.870 55.704 54.8697 54.8697 14.815 135.481
7.417 55.018 55.844 55.0181 55.0181 14.835 136.031
7.427 55.167 55.984 55.1667 55.1667 14.855 136.582
7.437 55.315 56.124 55.3155 55.3155 14.875 137.135
7.447 55.464 56.264 55.4645 55.4645 14.895 137.690
7.457 55.614 56.404 55.6137 55.6137 14.915 138.246
7.467 55.763 56.545 55.7631 55.7631 14.935 138.803
7.477 55.913 56.685 55.9127 55.9127 14.955 139.362
7.487 56.062 56.825 56.0625 56.0625 14.975 139.922
7.497 56.212 56.965 56.2125 56.2125 14.995 140.484
7.508 56.363 57.105 56.3627 56.3627 15.015 141.048
7.518 56.513 57.245 56.5131 56.5131 15.035 141.613
7.528 56.664 57.385 56.6637 56.6637 15.055 142.179
7.538 56.814 57.526 56.8145 56.8145 15.075 142.747
7.548 56.965 57.666 56.9655 56.9655 15.095 143.317
7.558 57.117 57.806 57.1167 57.1167 15.115 143.888
7.568 57.268 57.946 57.2681 57.2681 15.135 144.460
7.578 57.420 58.086 57.4197 57.4197 15.155 145.034
7.588 57.571 58.226 57.5715 57.5715 15.175 145.610
7.598 57.723 58.366 57.7235 57.7235 15.195 146.187
7.608 57.876 58.507 57.8757 57.8757 15.215 146.765
7.618 58.028 58.647 58.0281 58.0281 15.235 147.345
7.628 58.181 58.787 58.1807 58.1807 15.255 147.927
7.638 58.334 58.927 58.3335 58.3335 15.275 148.510
7.648 58.487 59.067 58.4865 58.4865 15.295 149.095
7.658 58.640 59.207 58.6397 58.6397 15.315 149.681
7.668 58.793 59.347 58.7931 58.7931 15.335 150.269
7.678 58.947 59.487 58.9467 58.9467 15.355 150.858
7.688 59.101 59.628 59.1005 59.1005 15.375 151.449
7.698 59.255 59.768 59.2545 59.2545 15.395 152.041
7.708 59.409 59.908 59.4088 59.4088 15.415 152.635
7.718 59.563 60.048 59.5632 59.5632 15.435 153.231
7.728 59.718 60.188 59.7178 59.7178 15.455 153.828
7.738 59.873 60.328 59.8726 59.8726 15.475 154.426
7.748 60.028 60.468 60.0276 60.0276 15.495 155.026
7.758 60.183 60.609 60.1828 60.1828 15.516 155.628
7.768 60.338 60.749 60.3382 60.3382 15.536 156.231
7.778 60.494 60.889 60.4938 60.4938 15.556 156.836
7.788 60.650 61.029 60.6496 60.6496 15.576 157.442
7.798 60.806 61.169 60.8057 60.8057 15.596 158.050
7.808 60.962 61.309 60.9619 60.9619 15.616 158.660
7.818 61.118 61.449 61.1183 61.1183 15.636 159.271
7.828 61.275 61.590 61.2749 61.2749 15.656 159.883
7.838 61.432 61.730 61.4317 61.4317 15.676 160.497
7.848 61.589 61.870 61.5887 61.5887 15.696 161.113
7.858 61.746 62.010 61.7459 61.7459 15.716 161.730
7.868 61.903 62.150 61.9033 61.9033 15.736 162.349
7.878 62.061 62.290 62.0610 62.0610 15.756 162.970
7.888 62.219 62.430 62.2188 62.2188 15.776 163.592
7.898 62.377 62.571 62.3768 62.3768 15.796 164.215
7.908 62.535 62.711 62.5350 62.5350 15.816 164.840
7.918 62.693 62.851 62.6934 62.6934 15.836 165.467
7.928 62.852 62.991 62.8520 62.8520 15.856 166.095
7.938 63.011 63.131 63.0109 63.0109 15.876 166.725
7.948 63.170 63.271 63.1699 63.1699 15.896 167.357
7.958 63.329 63.411 63.3291 63.3291 15.916 167.990
7.968 63.489 63.552 63.4885 63.4885 15.936 168.625
7.978 63.648 63.692 63.6481 63.6481 15.956 169.261
7.988 63.808 63.832 63.8080 63.8080 15.976 169.899
7.998 63.968 63.972 63.9680 63.9680 15.996 170.539
8.008 64.128 64.144 64.1282 64.1282 16.016 171.180
8.018 64.289 64.324 64.2886 64.2886 16.036 171.822
8.028 64.449 64.505 64.4492 64.4492 16.056 172.467
8.038 64.610 64.685 64.6101 64.6101 16.076 173.113
8.048 64.771 64.865 64.7711 64.7711 16.096 173.760
8.058 64.932 65.045 64.9323 64.9323 16.116 174.409
8.068 65.094 65.225 65.0937 65.0937 16.136 175.060
8.078 65.255 65.405 65.2553 65.2553 16.156 175.713
8.088 65.417 65.586 65.4172 65.4172 16.176 176.367
8.098 65.579 65.766 65.5792 65.5792 16.196 177.022
8.108 65.741 65.946 65.7414 65.7414 16.216 177.680
8.118 65.904 66.126 65.9038 65.9038 16.236 178.338
8.128 66.066 66.306 66.0665 66.0665 16.256 178.999
8.138 66.229 66.486 66.2293 66.2293 16.276 179.661
8.148 66.392 66.667 66.3923 66.3923 16.296 180.325
8.158 66.556 66.847 66.5555 66.5555 16.316 180.990
8.168 66.719 67.027 66.7190 66.7190 16.336 181.657
8.178 66.883 67.207 66.8826 66.8826 16.356 182.326
8.188 67.046 67.387 67.0464 67.0464 16.376 182.996
8.198 67.210 67.568 67.2105 67.2105 16.396 183.668
8.208 67.375 67.748 67.3747 67.3747 16.416 184.342
8.218 67.539 67.928 67.5391 67.5391 16.436 185.017
8.228 67.704 68.108 67.7037 67.7037 16.456 185.694
8.238 67.869 68.288 67.8686 67.8686 16.476 186.372
8.248 68.034 68.468 68.0336 68.0336 16.496 187.053
8.258 68.199 68.649 68.1988 68.1988 16.517 187.735
8.268 68.364 68.829 68.3643 68.3643 16.537 188.418
8.278 68.530 69.009 68.5299 68.5299 16.557 189.103
8.288 68.696 69.189 68.6957 68.6957 16.577 189.790
8.298 68.862 69.369 68.8618 68.8618 16.597 190.478
8.308 69.028 69.550 69.0280 69.0280 16.617 191.169
8.318 69.194 69.730 69.1944 69.1944 16.637 191.860
8.328 69.361 69.910 69.3611 69.3611 16.657 192.554
8.338 69.528 70.090 69.5279 69.5279 16.677 193.249
8.348 69.695 70.270 69.6949 69.6949 16.697 193.946
8.358 69.862 70.450 69.8622 69.8622 16.717 194.644
8.368 70.030 70.631 70.0296 70.0296 16.737 195.344
8.378 70.197 70.811 70.1972 70.1972 16.757 196.046
8.388 70.365 70.991 70.3651 70.3651 16.777 196.750
8.398 70.533 71.171 70.5331 70.5331 16.797 197.455
8.408 70.701 71.351 70.7013 70.7013 16.817 198.162
8.418 70.870 71.532 70.8698 70.8698 16.837 198.870
8.428 71.038 71.712 71.0384 71.0384 16.857 199.581
8.438 71.207 71.892 71.2072 71.2072 16.877 200.293
8.448 71.376 72.072 71.3763 71.3763 16.897 201.006
8.458 71.546 72.252 71.5455 71.5455 16.917 201.722
8.468 71.715 72.432 71.7150 71.7150 16.937 202.439
8.478 71.885 72.613 71.8846 71.8846 16.957 203.157
8.488 72.054 72.793 72.0544 72.0544 16.977 203.878
8.498 72.224 72.973 72.2245 72.2245 16.997 204.600
8.509 72.395 73.153 72.3947 72.3947 17.017 205.324
8.519 72.565 73.333 72.5652 72.5652 17.037 206.049
8.529 72.736 73.514 72.7358 72.7358 17.057 206.776
8.539 72.907 73.694 72.9066 72.9066 17.077 207.505
8.549 73.078 73.874 73.0777 73.0777 17.097 208.236
8.559 73.249 74.054 73.2489 73.2489 17.117 208.968
8.569 73.420 74.234 73.4204 73.4204 17.137 209.702
8.579 73.592 74.414 73.5920 73.5920 17.157 210.438
8.589 73.764 74.595 73.7639 73.7639 17.177 211.176
8.599 73.936 74.775 73.9359 73.9359 17.197 211.915
8.609 74.108 74.955 74.1081 74.1081 17.217 212.656
8.619 74.281 75.135 74.2806 74.2806 17.237 213.399
8.629 74.453 75.315 74.4532 74.4532 17.257 214.143
8.639 74.626 75.495 74.6261 74.6261 17.277 214.889
8.649 74.799 75.676 74.7991 74.7991 17.297 215.637
8.659 74.972 75.856 74.9724 74.9724 17.317 216.387
8.669 75.146 76.036 75.1458 75.1458 17.337 217.138
8.679 75.319 76.216 75.3195 75.3195 17.357 217.891
8.689 75.493 76.396 75.4933 75.4933 17.377 218.646
8.699 75.667 76.577 75.6674 75.6674 17.397 219.403
8.709 75.842 76.757 75.8416 75.8416 17.417 220.161
8.719 76.016 76.937 76.0161 76.0161 17.437 220.921
8.729 76.191 77.117 76.1907 76.1907 17.457 221.683
8.739 76.366 77.297 76.3656 76.3656 17.477 222.446
8.749 76.541 77.477 76.5406 76.5406 17.497 223.212
8.759 76.716 77.658 76.7159 76.7159 17.518 223.979
8.769 76.891 77.838 76.8913 76.8913 17.538 224.747
8.779 77.067 78.018 77.0670 77.0670 17.558 225.518
8.789 77.243 78.198 77.2428 77.2428 17.578 226.290
8.799 77.419 78.378 77.4189 77.4189 17.598 227.064
8.809 77.595 78.559 77.5951 77.5951 17.618 227.840
8.819 77.772 78.739 77.7716 77.7716 17.638 228.618
8.829 77.948 78.919 77.9482 77.9482 17.658 229.397
8.839 78.125 79.099 78.1251 78.1251 17.678 230.178
8.849 78.302 79.279 78.3021 78.3021 17.698 230.961
8.859 78.479 79.459 78.4794 78.4794 17.718 231.746
8.869 78.657 79.640 78.6568 78.6568 17.738 232.532
8.879 78.834 79.820 78.8345 78.8345 17.758 233.321
8.889 79.012 80.000 79.0123 79.0123 17.778 234.111
8.899 79.190 80.180 79.1904 79.1904 17.798 234.902
8.909 79.369 80.360 79.3687 79.3687 17.818 235.696
8.919 79.547 80.541 79.5471 79.5471 17.838 236.491
8.929 79.726 80.721 79.7258 79.7258 17.858 237.289
8.939 79.905 80.901 79.9046 79.9046 17.878 238.088
8.949 80.084 81.081 80.0837 80.0837 17.898 238.888
8.959 80.263 81.261 80.2629 80.2629 17.918 239.691
8.969 80.442 81.441 80.4424 80.4424 17.938 240.495
8.979 80.622 81.622 80.6221 80.6221 17.958 241.301
8.989 80.802 81.802 80.8019 80.8019 17.978 242.109
8.999 80.982 81.982 80.9820 80.9820 17.998 242.919
9.009 81.162 82.162 81.1622 81.1622 18.018 243.730
9.019 81.343 82.342 81.3427 81.3427 18.038 244.544
9.029 81.523 82.523 81.5234 81.5234 18.058 245.359
9.039 81.704 82.703 81.7042 81.7042 18.078 246.176
9.049 81.885 82.883 81.8853 81.8853 18.098 246.995
9.059 82.067 83.063 82.0666 82.0666 18.118 247.815
9.069 82.248 83.243 82.2480 82.2480 18.138 248.638
9.079 82.430 83.423 82.4297 82.4297 18.158 249.462
9.089 82.612 83.604 82.6115 82.6115 18.178 250.288
9.099 82.794 83.784 82.7936 82.7936 18.198 251.116
9.109 82.976 83.964 82.9759 82.9759 18.218 251.945
9.119 83.158 84.144 83.1583 83.1583 18.238 252.777
9.129 83.341 84.324 83.3410 83.3410 18.258 253.610
9.139 83.524 84.505 83.5239 83.5239 18.278 254.445
9.149 83.707 84.685 83.7069 83.7069 18.298 255.282
9.159 83.890 84.865 83.8902 83.8902 18.318 256.121
9.169 84.074 85.045 84.0737 84.0737 18.338 256.962
9.179 84.257 85.225 84.2573 84.2573 18.358 257.804
9.189 84.441 85.405 84.4412 84.4412 18.378 258.649
9.199 84.625 85.586 84.6253 84.6253 18.398 259.495
9.209 84.810 85.766 84.8095 84.8095 18.418 260.343
9.219 84.994 85.946 84.9940 84.9940 18.438 261.193
9.229 85.179 86.126 85.1787 85.1787 18.458 262.044
9.239 85.364 86.306 85.3635 85.3635 18.478 262.898
9.249 85.549 86.486 85.5486 85.5486 18.498 263.753
9.259 85.734 86.667 85.7339 85.7339 18.519 264.611
9.269 85.919 86.847 85.9194 85.9194 18.539 265.470
9.279 86.105 87.027 86.1050 86.1050 18.559 266.331
9.289 86.291 87.207 86.2909 86.2909 18.579 267.194
9.299 86.477 87.387 86.4770 86.4770 18.599 268.058
9.309 86.663 87.568 86.6632 86.6632 18.619 268.925
9.319 86.850 87.748 86.8497 86.8497 18.639 269.793
9.329 87.036 87.928 87.0364 87.0364 18.659 270.664
9.339 87.223 88.108 87.2233 87.2233 18.679 271.536
9.349 87.410 88.288 87.4103 87.4103 18.699 272.410
9.359 87.598 88.468 87.5976 87.5976 18.719 273.286
9.369 87.785 88.649 87.7851 87.7851 18.739 274.164
9.379 87.973 88.829 87.9728 87.9728 18.759 275.043
9.389 88.161 89.009 88.1606 88.1606 18.779 275.925
9.399 88.349 89.189 88.3487 88.3487 18.799 276.808
9.409 88.537 89.369 88.5370 88.5370 18.819 277.694
9.419 88.725 89.550 88.7255 88.7255 18.839 278.581
9.429 88.914 89.730 88.9141 88.9141 18.859 279.470
9.439 89.103 89.910 89.1030 89.1030 18.879 280.361
9.449 89.292 90.090 89.2921 89.2921 18.899 281.254
9.459 89.481 90.270 89.4814 89.4814 18.919 282.148
9.469 89.671 90.450 89.6709 89.6709 18.939 283.045
9.479 89.861 90.631 89.8605 89.8605 18.959 283.944
9.489 90.050 90.811 90.0504 90.0504 18.979 284.844
9.499 90.240 90.991 90.2405 90.2405 18.999 285.746
9.510 90.431 91.171 90.4308 90.4308 19.019 286.651
9.520 90.621 91.351 90.6213 90.6213 19.039 287.557
9.530 90.812 91.532 90.8119 90.8119 19.059 288.465
9.540 91.003 91.712 91.0028 91.0028 19.079 289.375
9.550 91.194 91.892 91.1939 91.1939 19.099 290.287
9.560 91.385 92.072 91.3852 91.3852 19.119 291.201
9.570 91.577 92.252 91.5767 91.5767 19.139 292.116
9.580 91.768 92.432 91.7683 91.7683 19.159 293.034
9.590 91.960 92.613 91.9602 91.9602 19.179 293.954
9.600 92.152 92.793 92.1523 92.1523 19.199 294.875
9.610 92.345 92.973 92.3446 92.3446 19.219 295.799
9.620 92.537 93.153 92.5371 92.5371 19.239 296.724
9.630 92.730 93.333 92.7298 92.7298 19.259 297.651
9.640 92.923 93.514 92.9227 92.9227 19.279 298.580
9.650 93.116 93.694 93.1157 93.1157 19.299 299.511
9.660 93.309 93.874 93.3090 93.3090 19.319 300.444
9.670 93.503 94.054 93.5025 93.5025 19.339 301.379
9.680 93.696 94.234 93.6962 93.6962 19.359 302.316
9.690 93.890 94.414 93.8901 93.8901 19.379 303.255
9.700 94.084 94.595 94.0842 94.0842 19.399 304.196
9.710 94.278 94.775 94.2785 94.2785 19.419 305.139
9.720 94.473 94.955 94.4730 94.4730 19.439 306.084
9.730 94.668 95.135 94.6676 94.6676 19.459 307.030
9.740 94.863 95.315 94.8625 94.8625 19.479 307.979
9.750 95.058 95.495 95.0576 95.0576 19.499 308.929
9.760 95.253 95.676 95.2529 95.2529 19.520 309.882
9.770 95.448 95.856 95.4484 95.4484 19.540 310.836
9.780 95.644 96.036 95.6441 95.6441 19.560 311.793
9.790 95.840 96.216 95.8400 95.8400 19.580 312.751
9.800 96.036 96.396 96.0361 96.0361 19.600 313.711
9.810 96.232 96.577 96.2324 96.2324 19.620 314.674
9.820 96.429 96.757 96.4289 96.4289 19.640 315.638
9.830 96.626 96.937 96.6256 96.6256 19.660 316.604
9.840 96.822 97.117 96.8224 96.8224 19.680 317.572
9.850 97.020 97.297 97.0195 97.0195 19.700 318.543
9.860 97.217 97.477 97.2168 97.2168 19.720 319.515
9.870 97.414 97.658 97.4143 97.4143 19.740 320.489
9.880 97.612 97.838 97.6120 97.6120 19.760 321.465
9.890 97.810 98.018 97.8099 97.8099 19.780 322.443
9.900 98.008 98.198 98.0080 98.0080 19.800 323.423
9.910 98.206 98.378 98.2063 98.2063 19.820 324.405
9.920 98.405 98.559 98.4048 98.4048 19.840 325.389
9.930 98.604 98.739 98.6035 98.6035 19.860 326.375
9.940 98.802 98.919 98.8024 98.8024 19.880 327.363
9.950 99.002 99.099 99.0015 99.0015 19.900 328.353
9.960 99.201 99.279 99.2008 99.2008 19.920 329.345
9.970 99.400 99.459 99.4003 99.4003 19.940 330.339
9.980 99.600 99.640 99.6000 99.6000 19.960 331.335
9.990 99.800 99.820 99.7999 99.7999 19.980 332.333
10.000 100.000 100.000 100.0000 100.0000 20.000 333.333
