-2 -2.5 -0.0153089 1.29486e-05 -0.0153681 -2.96675e-05
-1.9596 -2.44949 -0.0200016 2.1112e-05 -0.0200138 -4.96079e-05
-1.91919 -2.39899 -0.0247789 3.4051e-05 -0.0247725 -7.84402e-05
-1.87879 -2.34848 -0.0293021 5.43268e-05 -0.0292956 -0.000117897
-1.83838 -2.29798 -0.033139 8.5738e-05 -0.03314 -0.000168643
-1.79798 -2.24747 -0.03577 0.000133843 -0.0357777 -0.000229049
-1.75758 -2.19697 -0.0366071 0.000206666 -0.036615 -0.0002934
-1.71717 -2.14646 -0.0350229 0.000315633 -0.0350231 -0.000349483
-1.67677 -2.09596 -0.0303942 0.000476783 -0.0303811 -0.000375601
-1.63636 -2.04545 -0.0221555 0.00071231 -0.0221282 -0.000337216
-1.59596 -1.99495 -0.00986351 0.00105246 -0.00982663 -0.000183649
-1.55556 -1.94444 0.00673406 0.0015378 0.00677129 0.000154405
-1.51515 -1.89394 0.0276282 0.00222175 0.027655 0.000765521
-1.47475 -1.84343 0.0524852 0.00317305 0.0524928 0.00175492
-1.43434 -1.79293 0.0805955 0.00447742 0.0805804 0.00323704
-1.39394 -1.74242 0.110844 0.00623638 0.110809 0.00532156
-1.35354 -1.69192 0.141705 0.00855956 0.14166 0.00809171
-1.31313 -1.64141 0.171271 0.0115441 0.171229 0.011574
-1.27273 -1.59091 0.197317 0.0152326 0.197291 0.0157004
-1.23232 -1.5404 0.217399 0.0195433 0.217397 0.0202647
-1.19192 -1.4899 0.228993 0.0241746 0.229015 0.0248781
-1.15152 -1.43939 0.229659 0.0285071 0.229698 0.0289309
-1.11111 -1.38889 0.217234 0.0315493 0.217276 0.0315683
-1.07071 -1.33838 0.190035 0.03198 0.190065 0.031693
-1.0303 -1.28788 0.147061 0.0283079 0.147071 0.0280022
-0.989899 -1.23737 0.0881779 0.019099 0.0881658 0.0190702
-0.949495 -1.18687 0.014268 0.00315698 0.0142399 0.00348125
-0.909091 -1.13636 -0.0726796 -0.0204308 -0.072712 -0.019989
-0.868687 -1.08586 -0.169546 -0.0523346 -0.16957 -0.0521527
-0.828283 -1.03535 -0.272143 -0.0929114 -0.27215 -0.0931674
-0.787879 -0.984848 -0.375364 -0.141839 -0.375354 -0.142301
-0.747475 -0.934343 -0.473424 -0.197542 -0.473402 -0.197739
-0.707071 -0.883838 -0.560167 -0.25679 -0.560143 -0.256473
-0.666667 -0.833333 -0.629447 -0.314867 -0.62943 -0.314307
-0.626263 -0.782828 -0.675535 -0.366254 -0.67553 -0.366016
-0.585859 -0.732323 -0.693541 -0.405316 -0.693546 -0.405662
-0.545455 -0.681818 -0.679813 -0.426517 -0.679821 -0.427073
-0.505051 -0.631313 -0.632278 -0.424324 -0.632283 -0.424445
-0.464646 -0.580808 -0.550714 -0.39351 -0.550712 -0.393025
-0.424242 -0.530303 -0.436898 -0.330307 -0.436889 -0.329791
-0.383838 -0.479798 -0.294632 -0.233917 -0.294622 -0.234039
-0.343434 -0.429293 -0.129631 -0.107187 -0.129626 -0.107809
-0.30303 -0.378788 0.05074 0.0441894 0.0507365 0.0439549
-0.262626 -0.328283 0.23785 0.213047 0.23784 0.213541
-0.222222 -0.277778 0.422298 0.390606 0.422289 0.39093
-0.181818 -0.227273 0.594484 0.564887 0.594482 0.564555
-0.141414 -0.176768 0.745205 0.722421 0.745215 0.72229
-0.10101 -0.126263 0.866246 0.852304 0.866266 0.852566
-0.0606061 -0.0757576 0.950915 0.945452 0.950937 0.945495
-0.020202 -0.0252525 0.9945 0.993958 0.994497 0.993863
0.020202 0.0252525 0.994499 0.993827 0.994497 0.993863
0.0606061 0.0757576 0.950957 0.945414 0.950937 0.945495
0.10101 0.126263 0.866298 0.852538 0.866266 0.852566
0.141414 0.176768 0.745248 0.722322 0.745215 0.72229
0.181818 0.227273 0.594505 0.564616 0.594482 0.564555
0.222222 0.277778 0.422295 0.390929 0.422289 0.39093
0.262626 0.328283 0.237696 0.21345 0.23784 0.213541
0.30303 0.378788 0.0507277 0.0439258 0.0507365 0.0439549
0.343434 0.429293 -0.129624 -0.10766 -0.129626 -0.107809
0.383838 0.479798 -0.294599 -0.233876 -0.294622 -0.234039
0.424242 0.530303 -0.436844 -0.329767 -0.436889 -0.329791
0.464646 0.580808 -0.550716 -0.393214 -0.550712 -0.393025
0.505051 0.631313 -0.632229 -0.424515 -0.632283 -0.424445
0.545455 0.681818 -0.679788 -0.427017 -0.679821 -0.427073
0.585859 0.732323 -0.693547 -0.405194 -0.693546 -0.405662
0.626263 0.782828 -0.675566 -0.36621 -0.67553 -0.366016
0.666667 0.833333 -0.62949 -0.314463 -0.62943 -0.314307
0.707071 0.883838 -0.560208 -0.256696 -0.560143 -0.256473
0.747475 0.934343 -0.473449 -0.197288 -0.473402 -0.197739
0.787879 0.984848 -0.375366 -0.142488 -0.375354 -0.142301
0.828283 1.03535 -0.272122 -0.0931874 -0.27215 -0.0931674
0.868687 1.08586 -0.169508 -0.0521406 -0.16957 -0.0521527
0.909091 1.13636 -0.0726359 -0.0198665 -0.072712 -0.019989
0.949495 1.18687 0.0143062 0.00353427 0.0142399 0.00348125
0.989899 1.23737 0.0882007 0.0188903 0.0881658 0.0190702
1.0303 1.28788 0.147062 0.0281416 0.147071 0.0280022
1.07071 1.33838 0.190013 0.0315028 0.190065 0.031693
1.11111 1.38889 0.217194 0.0316352 0.217276 0.0315683
1.15152 1.43939 0.229608 0.0291514 0.229698 0.0289309
1.19192 1.4899 0.228944 0.0250391 0.229015 0.0248781
1.23232 1.5404 0.217365 0.0202377 0.217397 0.0202647
1.27273 1.59091 0.197307 0.0155265 0.197291 0.0157004
1.31313 1.64141 0.171291 0.011401 0.171229 0.011574
1.35354 1.69192 0.141752 0.00804036 0.14166 0.00809171
1.39394 1.74242 0.110908 0.00538867 0.110809 0.00532156
1.43434 1.79293 0.0806605 0.00330568 0.0805804 0.00323704
1.47475 1.84343 0.0525335 0.00169856 0.0524928 0.00175492
1.51515 1.89394 0.0276452 0.00055717 0.027655 0.000765521
1.55556 1.94444 0.0067125 -0.000109328 0.00677129 0.000154405
1.59596 1.99495 -0.00992008 -0.000355 -0.00982663 -0.000183649
1.63636 2.04545 -0.0222325 -0.000315928 -0.0221282 -0.000337216
1.67677 2.09596 -0.0304685 -0.000156696 -0.0303811 -0.000375601
1.71717 2.14646 -0.0350686 -2.0331e-06 -0.0350231 -0.000349483
1.75758 2.19697 -0.0366023 9.26707e-05 -0.036615 -0.0002934
1.79798 2.24747 -0.0357054 0.000126507 -0.0357777 -0.000229049
1.83838 2.29798 -0.0330244 0.000121604 -0.03314 -0.000168643
1.87879 2.34848 -0.0291715 0.000100052 -0.0292956 -0.000117897
1.91919 2.39899 -0.0246919 7.55479e-05 -0.0247725 -7.84402e-05
1.9596 2.44949 -0.0200419 5.41417e-05 -0.0200138 -4.96079e-05
2 2.5 -0.0155787 3.74666e-05 -0.0153681 -2.96675e-05
